-1.0 2.0 
-0.9545454545454546 1.0 
-0.9545454545454546 1.0 
-1.0 2.0 
-0.9545454545454546 1.0 
-1.0 2.0 
-0.9545454545454546 1.0 
-1.0 2.0 
-0.9545454545454546 1.0 
-1.0 2.0 
-1.0 2.0 
-0.9545454545454546 1.0 
-1.0 2.0 
-0.9545454545454546 1.0 
-0.9545454545454546 1.0 
-1.0 2.0 
-1.0 2.0 
-0.9545454545454546 1.0 
-0.9545454545454546 1.0 
-1.0 2.0 
-0.9545454545454546 1.0 
-1.0 2.0 
-1.0 2.0 
-0.9545454545454546 1.0 
-1.0 2.0 
-0.9545454545454546 1.0 
-1.0 2.0 
-0.9545454545454546 1.0 
-1.0 2.0 
-0.9545454545454546 1.0 
-0.9545454545454546 1.0 
-1.0 2.0 
-0.9545454545454546 1.0 
-1.0 2.0 
-1.0 2.0 
-0.9545454545454546 1.0 
-1.0 2.0 
-0.9545454545454546 1.0 
-1.0 2.0 
-0.9545454545454546 1.0 
-0.9545454545454546 1.0 
-1.0 2.0 
-1.0 2.0 
-0.9545454545454546 1.0 
-1.0 2.0 
-0.9545454545454546 1.0 
-0.9545454545454546 1.0 
-1.0 2.0 
-1.0 2.0 
-0.9545454545454546 1.0 
