68.51794577100885 4.648988296363536 124.1619236683769 
217.41911596333307 36.09240831352677 78.4101490850156 
4.969589333143217 36.87974056771012 100.46650163074226 
15.731040736472368 150.0037938453477 115.31700317570984 
175.58712781594315 71.76178190309533 127.12597609973224 
129.80724051856424 6.599520672294857 118.73766821662151 
116.78294122537278 97.63091260125779 38.8149747124142 
184.36943700844415 37.640154471647875 9.823222380639578 
4.275450238756916 99.82032813179379 237.32049455231981 
171.9052110663602 43.41371487692841 28.78857087990475 
23.701403611975408 167.560521703869 111.11857019034564 
99.38394519755178 5.204411477071001 156.7801038380809 
27.288003405344593 49.23292966777029 129.85355163998705 
151.45173093718088 9.632275607961402 87.09528978180606 
6.289318588065468 4.736965849137732 169.96339113174147 
166.30382613235656 64.78700787520411 66.60019876520136 
52.89532430546835 20.723818033766136 218.29778628224386 
106.66619345246195 93.2363729929287 72.69527630627843 
42.65051315214042 122.64892892562592 96.72683092422523 
102.98149329151389 104.75317638278787 99.0232940919314 
1.5307627078438175 98.25291681874442 78.59697552874927 
13.974302143418418 35.76596103026047 174.52580225119578 
6.938748089941824 1.6203818826753413 342.00816582699446 
38.36395438216417 12.654057652039251 93.03495102681266 
8.658288514681082 14.568875711293941 183.31911119257015 
71.31319129249499 11.298590391441103 185.19927343654697 
26.21269213322344 120.58630650810264 74.68702162484958 
44.03660447370499 214.05846981507432 122.10323418031216 
67.09645185657223 28.23772038520567 73.64712750732495 
24.641947437339375 64.32657087573764 173.87345426839713 
34.7365700739078 60.00135430691428 85.52319215374345 
33.68580101856674 0.7603612240503297 225.4917214500039 
5.181881656393343 17.491396822622043 259.71108297219604 
0.8365841684871552 23.556750288206988 194.7589280384841 
76.3140844179927 20.386306826095506 96.80881230062899 
37.80871042201237 14.344734181743258 117.47690653813952 
8.120518151538473 125.30767018307799 109.97434868893421 
8.055548528720207 12.405321064405863 104.63225697276143 
38.52550314428443 180.89602542872535 49.82872352303871 
64.63695489508864 10.190783472254841 180.48162242345566 
70.43496369019678 61.03655690451156 216.94453819946534 
44.90906861718495 67.8272530694408 70.3180147183362 
49.726239373096114 199.7142676092864 110.46457253020995 
6.414840050941842 24.54455338039306 147.27040873611335 
15.747922980709731 24.823995263822333 153.99427261203877 
8.517735725831542 30.58996263721982 159.99071533092402 
184.94697913869692 24.358588274433945 32.708534590359776 
101.96806030710134 88.21119474360974 0.3702390090119408 
77.23418320539119 3.913123514228424 76.76270969041741 
218.38026929719817 40.67967942129159 58.86644177960459 
73.72701207055809 100.8809708332831 214.05116051202182 
46.47222584242861 10.459106863872607 257.0341338038724 
193.0567911162513 48.921819694372765 72.13394656393471 
67.68340686255033 180.57274499362106 122.68741106411524 
5.984685264194291 42.76508797847453 129.21266210962168 
101.14236433025289 43.75135371784933 117.91944677090832 
59.60302122240594 44.18441057342173 174.17670527891812 
364.4257341422287 63.90868619366922 8.112104107969884 
45.39486696524128 11.391355808892465 332.2024566594191 
0.6517190187646639 2.748194603875493 309.4615614649425 
17.135767810409416 46.38176988655408 112.58425467303758 
69.92140914943062 174.70165936254782 18.272964938411224 
8.419044644775637 173.01040446607848 28.263195766239644 
101.05991455606332 41.0323000498189 129.78645630295668 
28.605928921230912 25.983082763121672 19.01626334780938 
4.096925840633187 8.707733042039743 315.46978474198266 
10.63681293334454 62.036068036891656 135.71729665600267 
25.47878185528987 212.73203032237362 55.88356124962544 
0.4267250681784513 3.5914083324315604 187.33099869354527 
89.82549532299876 126.08626892966515 23.281239058206182 
9.02291257198578 49.86719925777696 232.0768594468299 
91.27423328176805 126.71509152375477 173.12382779702563 
15.454257799133153 152.29582205678665 43.548631864047415 
19.302250977802142 39.0165584105487 277.02580039004357 
78.68670288851973 11.571910234854391 247.51486161132578 
59.84449769955328 58.32850424600198 15.647438355416204 
17.933538008730643 70.19052278779212 265.88605930707496 
150.31415666246704 56.196210901144035 51.39865926693441 
27.827234969315036 196.14951909761572 83.87425053163297 
5.214719017607207 2.949147281642363 268.9820884597252 
25.049249229755528 22.130463463182213 203.7553483074363 
33.37574194083816 0.6310080001787656 268.83850923050994 
137.35861625376353 114.72248026475542 65.14370322556174 
120.96908526296191 29.28833834078283 129.80908599749924 
2.006976872560541 12.171008360105153 181.7782660232231 
159.01232983222204 54.87867459564125 49.14109216354863 
45.42965218979869 11.365593422033978 245.40878863895776 
26.047649775451795 39.067989730324435 195.4004016308936 
34.55254984064432 257.98146960471263 19.76833238524035 
8.989823134226695 56.80695776561332 276.0274394014969 
177.15043539436965 154.84407724312746 100.2596230831308 
